6.0 2.25035172718 0.03
7.0 2.70405555835 0.03
8.0 3.11217862893 0.03
9.0 3.4603780559 0.03
10.0 3.57462923921 0.03
11.0 3.61316336723 0.03
12.0 3.64637230759 0.03
13.0 3.66867397178 0.03
14.0 3.68176143428 0.03
15.0 3.68718946456 0.03
16.0 3.69673982814 0.03
17.0 3.70229006344 0.03
18.0 3.70777151398 0.03
19.0 3.71986036896 0.03
20.0 3.73721344689 0.03
21.0 3.75225019592 0.03
22.0 3.75782012002 0.03
23.0 3.76707699352 0.03
24.0 3.77813040961 0.03
25.0 3.79268231742 0.03
26.0 3.78524374857 0.03
27.0 3.8023636981 0.03
28.0 3.81446748193 0.03
