0.00 2.00 3.74
4.00 2.00 3.74
5.60 2.36 4.12
7.20 2.38 4.16
8.80 2.40 4.20
10.40 2.42 4.23
12.00 3.21 5.51
13.60 3.26 5.58
15.20 3.30 5.66
16.80 3.33 5.74
18.40 3.35 5.83
20.00 3.37 5.91
21.60 3.37 5.98
23.20 3.38 6.04
24.80 3.41 6.11
26.40 3.46 6.20
28.00 3.50 6.28
29.60 3.53 6.36
31.20 3.59 6.46
32.80 3.67 6.60
34.40 3.75 6.75
36.00 3.87 6.94
37.28 3.96 7.10
38.56 4.05 7.25
39.84 4.12 7.37
41.12 4.19 7.47
42.40 4.26 7.59
43.68 4.34 7.71
44.96 4.41 7.80
46.24 4.46 7.88
47.52 4.51 7.95
48.80 4.56 8.03
50.08 4.61 8.09
51.36 4.65 8.16
52.64 4.69 8.22
53.92 4.73 8.28
55.20 4.77 8.35
56.48 4.81 8.42
57.76 4.83 8.48
59.04 4.85 8.54
60.32 4.87 8.58
61.60 4.89 8.62
62.88 4.91 8.67
64.16 4.93 8.72
65.44 4.95 8.75
66.72 4.95 8.76
68.00 4.95 8.75
69.28 4.94 8.73
70.56 4.94 8.73
71.84 4.93 8.72
73.12 4.93 8.71
74.40 4.93 8.70
75.68 4.92 8.69
76.96 4.92 8.68
78.24 4.91 8.67
79.52 4.91 8.66
80.80 4.91 8.65
82.08 4.90 8.65
83.36 4.90 8.64
84.64 4.90 8.63
85.92 4.89 8.62
87.20 4.89 8.61
88.48 4.89 8.60
89.76 4.89 8.59
91.04 4.88 8.58
92.32 4.88 8.58
93.60 4.88 8.57
94.88 4.73 8.27
96.16 4.75 8.31
97.44 4.77 8.35
98.72 4.80 8.39
100.00 4.82 8.43