177.60 -38.39 -4.00 4.6090 2.5870 1.7820 23.7370 21.0890 2.1870 38.5770 36.9060 1.2420
177.60 -38.39 -2.00 4.7970 2.6900 1.7840 23.5360 20.9390 2.1470 39.4030 37.9180 1.0840
177.60 -38.39 0.00 4.9460 2.7820 1.7780 16.9220 14.5490 2.0720 32.3960 31.1830 0.8390
177.60 -38.39 2.00 5.0640 2.8680 1.7660 6.2450 4.3140 1.8510 20.2760 19.4200 0.4920
177.60 -38.39 4.00 5.1640 2.9480 1.7520 -0.8110 -1.9890 1.2020 12.4940 12.3270 -0.1430
177.60 -38.39 6.00 5.2590 3.0290 1.7360 -5.2580 -5.4740 0.2280 7.8420 8.5680 -0.9780
177.60 -38.39 8.00 5.3720 3.1160 1.7240 -8.8940 -8.3520 -0.5910 4.0410 5.4110 -1.6170
177.60 -38.39 10.00 5.4440 3.1630 1.7210 -9.6950 -8.8650 -0.9100 0.3850 1.9110 -1.7480
177.60 -38.39 12.00 5.5280 3.2200 1.7170 -10.2710 -9.0700 -1.3200 -2.7390 -0.9670 -1.9880
177.60 -38.39 14.00 5.6200 3.2840 1.7110 -10.6980 -9.0840 -1.7760 -5.4600 -3.3840 -2.3070
177.60 -38.39 16.00 5.7200 3.3250 1.7200 -10.5980 -9.3890 -1.3340 -7.1090 -5.4690 -1.8550
177.60 -38.39 18.00 5.8320 3.3530 1.7390 -9.9730 -9.7560 -0.2400 -7.7990 -7.0990 -0.8560
177.60 -38.39 20.00 5.9280 3.3700 1.7590 -9.5980 -10.3810 0.8740 -8.6520 -8.9030 0.1690
177.60 -38.39 22.00 6.0090 3.3760 1.7800 -9.4470 -11.2990 2.0880 -9.6580 -10.9280 1.2940
177.60 -38.39 24.00 6.0960 3.4030 1.7920 -9.4720 -11.8840 2.7370 -10.5160 -12.3890 1.9900
177.60 -38.39 26.00 6.1970 3.4570 1.7930 -9.5390 -11.9710 2.7630 -11.1250 -13.1510 2.1820
177.60 -38.39 28.00 6.2980 3.5080 1.7960 -9.5990 -12.1400 2.8920 -11.7020 -13.9550 2.4560
177.60 -38.39 30.00 6.4050 3.5590 1.8000 -9.5840 -12.3030 3.1010 -12.2000 -14.7270 2.7840
177.60 -38.39 32.00 6.5670 3.6490 1.7990 -9.3460 -11.9540 2.9620 -12.3220 -14.9300 2.8950
177.60 -38.39 34.00 6.7520 3.7550 1.7980 -8.8040 -11.2800 2.7910 -12.1250 -14.7810 2.9530
177.60 -38.39 36.00 6.9900 3.8970 1.7940 -7.6300 -9.8170 2.4250 -11.0830 -13.6330 2.8110
177.60 -38.39 38.00 7.2360 4.0430 1.7900 -6.3960 -8.3120 2.0890 -10.0050 -12.4690 2.6900
177.60 -38.39 40.00 7.4150 4.1540 1.7850 -5.2250 -6.9650 1.8700 -8.5110 -10.6230 2.2670
177.60 -38.39 42.00 7.5900 4.2660 1.7790 -4.1290 -5.6360 1.5970 -7.0860 -8.7820 1.7840
177.60 -38.39 44.00 7.7670 4.3840 1.7710 -3.0550 -4.2170 1.2130 -5.7720 -7.0320 1.3060
177.60 -38.39 46.00 7.8900 4.4690 1.7660 -2.6570 -3.5620 0.9380 -5.1130 -6.0110 0.9230
177.60 -38.39 48.00 8.0050 4.5500 1.7590 -2.3710 -2.9950 0.6430 -4.5590 -5.0650 0.5120
177.60 -38.39 50.00 8.1080 4.6210 1.7540 -0.8910 -0.9710 0.0810 -3.6120 -3.8370 0.2190
177.60 -38.39 52.00 8.2090 4.6860 1.7520 0.5770 0.9250 -0.3440 -2.6840 -2.7500 0.0560
177.60 -38.39 54.00 8.3080 4.7480 1.7500 2.0300 2.7860 -0.7360 -1.7780 -1.7150 -0.0770
177.60 -38.39 56.00 8.4170 4.8060 1.7520 3.6040 4.5500 -0.9050 -0.7360 -0.7000 -0.0520
177.60 -38.39 58.00 8.5130 4.8450 1.7570 5.0170 5.9140 -0.8470 0.1720 0.0170 0.1380
177.60 -38.39 60.00 8.5850 4.8730 1.7620 6.1460 7.0520 -0.8460 0.8080 0.5130 0.2740
177.60 -38.39 62.00 8.6540 4.9030 1.7650 7.2460 8.2420 -0.9200 1.4100 1.0490 0.3360
177.60 -38.39 64.00 8.7300 4.9380 1.7680 8.4280 9.5440 -1.0190 2.0820 1.6780 0.3720
177.60 -38.39 66.00 8.7590 4.9530 1.7690 8.9190 10.1860 -1.1500 2.3680 1.9730 0.3620
177.60 -38.39 68.00 8.7410 4.9450 1.7680 8.7020 10.1070 -1.2760 2.2580 1.8880 0.3400
177.60 -38.39 70.00 8.7260 4.9380 1.7670 8.5370 10.0500 -1.3760 2.1930 1.8210 0.3440
177.60 -38.39 72.00 8.7130 4.9320 1.7660 8.3840 10.0050 -1.4730 2.1420 1.7620 0.3510
177.60 -38.39 74.00 8.6990 4.9260 1.7660 8.2280 9.9600 -1.5750 2.0840 1.7020 0.3540
177.60 -38.39 76.00 8.6850 4.9200 1.7650 8.0710 9.9140 -1.6770 2.0260 1.6420 0.3570
177.60 -38.39 78.00 8.6710 4.9140 1.7650 7.9140 9.8690 -1.7800 1.9690 1.5820 0.3610
177.60 -38.39 80.00 8.6570 4.9080 1.7640 7.7570 9.8240 -1.8820 1.9110 1.5220 0.3640
177.60 -38.39 82.00 8.6440 4.9020 1.7630 7.6000 9.7790 -1.9850 1.8530 1.4620 0.3660
177.60 -38.39 84.00 8.6300 4.8960 1.7630 7.4430 9.7330 -2.0870 1.7950 1.4020 0.3670
177.60 -38.39 86.00 8.6160 4.8910 1.7610 7.2910 9.6330 -2.1370 1.7260 1.3490 0.3510
177.60 -38.39 88.00 8.6030 4.8880 1.7600 7.1430 9.4780 -2.1330 1.6460 1.3040 0.3200
177.60 -38.39 90.00 8.5890 4.8850 1.7580 6.9960 9.3230 -2.1290 1.5660 1.2580 0.2880
177.60 -38.39 92.00 8.5750 4.8820 1.7570 6.8480 9.1690 -2.1260 1.4850 1.2130 0.2550
177.60 -38.39 94.00 8.5620 4.8790 1.7550 6.7000 9.0140 -2.1220 1.4040 1.1670 0.2210
