0.00 2.00 3.74
4.00 2.00 3.74
5.05 2.50 4.38
6.10 2.54 4.45
7.15 2.58 4.52
8.20 2.63 4.60
9.25 2.67 4.67
10.30 2.71 4.74
11.35 2.75 4.82
12.40 3.04 5.52
13.45 3.20 5.59
14.50 3.29 5.65
15.55 3.32 5.70
16.60 3.33 5.75
17.65 3.35 5.81
18.70 3.36 5.87
19.75 3.37 5.92
20.80 3.37 5.96
21.85 3.38 6.00
22.90 3.39 6.05
23.95 3.40 6.09
25.00 3.43 6.15
25.50 3.44 6.17
26.00 3.46 6.20
26.50 3.47 6.22
27.00 3.48 6.25
27.50 3.50 6.27
28.00 3.51 6.30
28.50 3.52 6.32
29.00 3.53 6.35
29.50 3.55 6.38
30.00 3.56 6.41
30.50 3.58 6.45
31.00 3.60 6.49
31.50 3.63 6.53
32.00 3.65 6.57
32.50 3.68 6.61
33.00 3.70 6.66
33.50 3.73 6.71
34.00 3.76 6.75
34.50 3.79 6.81
35.00 3.83 6.87
35.50 3.86 6.93
36.00 3.90 6.99
36.50 3.93 7.05
37.00 3.97 7.11
37.50 4.01 7.17
38.00 4.04 7.24
38.50 4.07 7.28
39.00 4.10 7.33
39.50 4.13 7.37
40.00 4.15 7.42
40.50 4.18 7.46
41.00 4.21 7.50
41.50 4.24 7.55
42.00 4.27 7.59
42.50 4.30 7.63
43.00 4.33 7.68
43.50 4.35 7.72
44.00 4.38 7.77
44.50 4.41 7.80
45.00 4.43 7.83
45.50 4.45 7.86
46.00 4.47 7.89
46.50 4.49 7.92
47.00 4.51 7.95
47.50 4.53 7.98
48.00 4.55 8.01
48.50 4.57 8.03
49.00 4.59 8.06
49.50 4.60 8.08
50.00 4.62 8.11