0.000 1.514 2.800
5.000 1.514 2.800
6.000 2.432 4.500
7.000 2.973 5.500
12.000 2.973 5.500
14.000 3.284 5.620
16.000 3.325 5.720
18.000 3.353 5.832
20.000 3.370 5.928
22.000 3.376 6.009
24.000 3.403 6.096
26.000 3.457 6.197
28.000 3.508 6.298
30.000 3.559 6.405
32.000 3.649 6.567
34.000 3.755 6.752
36.000 3.897 6.990
38.000 4.043 7.236
40.000 4.154 7.415
42.000 4.266 7.590
44.000 4.384 7.767
46.000 4.469 7.890
48.000 4.550 8.005
50.000 4.621 8.108
52.000 4.686 8.209
54.000 4.748 8.308
56.000 4.806 8.417
58.000 4.845 8.513
60.000 4.873 8.585
62.000 4.903 8.654
64.000 4.938 8.730
66.000 4.953 8.759
68.000 4.945 8.741
70.000 4.938 8.726
72.000 4.932 8.713
74.000 4.926 8.699
76.000 4.920 8.685
78.000 4.914 8.671
80.000 4.908 8.657
82.000 4.902 8.644
84.000 4.896 8.630
86.000 4.891 8.616
88.000 4.888 8.603
90.000 4.885 8.589
92.000 4.882 8.575
94.000 4.879 8.562
