0.000 0.000 1.475
0.760 0.000 1.475
0.800 1.081 2.000
1.800 1.081 2.000
3.800 1.622 3.000
5.000 2.270 4.200
8.000 2.595 4.800
10.000 2.962 5.356
12.000 3.373 6.023
14.000 3.795 6.708
16.000 4.057 7.123
18.000 4.142 7.219
20.000 4.244 7.314
22.000 4.327 7.394
24.000 4.391 7.466
26.000 4.455 7.537
28.000 4.517 7.615
30.000 4.554 7.678
32.000 4.616 7.873
34.000 4.695 8.078
36.000 4.776 8.212
38.000 4.895 8.399
40.000 4.899 8.422
42.000 4.902 8.449
44.000 4.929 8.523
46.000 4.940 8.575
48.000 4.933 8.601
50.000 4.929 8.596
52.000 4.924 8.586
54.000 4.918 8.573
56.000 4.917 8.571
58.000 4.920 8.581
60.000 4.925 8.592
62.000 4.931 8.604
64.000 4.937 8.618
66.000 4.933 8.613
68.000 4.919 8.588
70.000 4.904 8.561
72.000 4.888 8.534
74.000 4.871 8.505
76.000 4.853 8.475
78.000 4.834 8.445
80.000 4.814 8.413
82.000 4.794 8.380
84.000 4.773 8.347
86.000 4.760 8.328
88.000 4.756 8.323
90.000 4.753 8.317
92.000 4.749 8.313
94.000 4.747 8.308
