0.000 0.000 1.475
0.10 0.081 1.475
2.000 1.081 2.000
3.000 1.622 3.000
4.000 1.892 3.500
5.000 2.054 3.800
7.000 2.216 4.100
10.000 2.432 4.500
12.000 2.713 5.070
14.000 2.909 5.446
16.000 3.145 5.837
18.000 3.412 6.230
20.000 3.700 6.652
22.000 3.956 7.036
24.000 4.158 7.335
26.000 4.314 7.583
28.000 4.473 7.841
30.000 4.576 8.006
32.000 4.683 8.120
34.000 4.837 8.274
36.000 4.894 8.376
38.000 4.958 8.487
40.000 4.939 8.517
42.000 4.870 8.485
44.000 4.846 8.447
46.000 4.812 8.397
48.000 4.769 8.337
50.000 4.769 8.356
52.000 4.786 8.403
54.000 4.822 8.479
56.000 4.870 8.571
58.000 4.918 8.665
60.000 4.961 8.749
62.000 4.997 8.820
64.000 5.025 8.877
66.000 5.027 8.881
68.000 5.006 8.838
70.000 4.985 8.795
72.000 4.965 8.752
74.000 4.945 8.710
76.000 4.926 8.669
78.000 4.907 8.628
80.000 4.888 8.587
82.000 4.869 8.547
84.000 4.850 8.506
86.000 4.835 8.475
88.000 4.824 8.455
90.000 4.814 8.435
92.000 4.803 8.415
94.000 4.792 8.395
