178.60 -38.79 -4.00 1.6200 0.9150 1.7710 -56.4980 -57.1850 1.6040 -51.2810 -51.5920 0.6640
178.60 -38.79 -2.00 1.6200 0.9010 1.7970 -58.2940 -59.4860 2.9430 -52.9380 -53.7990 1.8710
178.60 -38.79 0.00 2.0770 1.1410 1.8200 -50.9130 -53.0080 4.4580 -44.4160 -46.1840 3.1970
178.60 -38.79 2.00 3.0000 1.6320 1.8380 -37.0530 -40.6290 6.0230 -28.7400 -32.0310 4.6080
178.60 -38.79 4.00 3.7120 2.0080 1.8490 -28.6900 -33.2470 6.8280 -19.1250 -23.4970 5.4070
178.60 -38.79 6.00 4.2010 2.2770 1.8450 -24.3060 -28.9270 6.5020 -13.8400 -18.3690 5.2210
178.60 -38.79 8.00 4.6890 2.5650 1.8280 -20.4740 -24.5610 5.4180 -9.1820 -13.2320 4.3310
178.60 -38.79 10.00 5.3560 2.9620 1.8080 -11.1650 -14.6610 4.0970 -1.2490 -4.5700 3.2170
178.60 -38.79 12.00 6.0230 3.3730 1.7860 -2.2280 -4.7370 2.6340 5.9790 3.7530 1.9390
178.60 -38.79 14.00 6.7080 3.7950 1.7680 6.6050 5.0640 1.4670 12.8580 11.6500 0.9190
178.60 -38.79 16.00 7.1230 4.0570 1.7560 11.3200 10.5590 0.6880 15.6650 15.3420 0.1570
178.60 -38.79 18.00 7.2190 4.1420 1.7430 11.4430 11.4980 -0.0490 14.1350 14.7810 -0.6650
178.60 -38.79 20.00 7.3140 4.2440 1.7240 11.5510 12.8470 -1.1480 12.7180 14.7080 -1.8400
178.60 -38.79 22.00 7.3940 4.3270 1.7090 11.4220 13.6930 -1.9970 11.1620 14.1690 -2.7600
178.60 -38.79 24.00 7.4660 4.3910 1.7000 10.8630 13.7170 -2.5090 9.5840 13.0650 -3.2180
178.60 -38.79 26.00 7.5370 4.4550 1.6920 10.0210 13.4360 -3.0110 8.0920 11.9150 -3.5590
178.60 -38.79 28.00 7.6150 4.5170 1.6860 9.3010 13.1450 -3.3970 6.7590 10.8080 -3.8070
178.60 -38.79 30.00 7.6780 4.5540 1.6860 8.3890 12.2170 -3.4110 5.2530 9.1150 -3.7080
178.60 -38.79 32.00 7.8730 4.6160 1.7060 8.6860 11.3630 -2.4040 5.1180 7.5990 -2.4680
178.60 -38.79 34.00 8.0780 4.6950 1.7210 9.1030 10.9410 -1.6570 5.1300 6.5640 -1.5020
178.60 -38.79 36.00 8.2120 4.7760 1.7190 8.5210 10.5370 -1.8230 4.4640 5.8600 -1.4530
178.60 -38.79 38.00 8.3990 4.8950 1.7160 8.6450 11.0120 -2.1320 4.4570 5.9790 -1.5560
178.60 -38.79 40.00 8.4220 4.8990 1.7190 7.6400 9.7130 -1.8890 3.9080 5.3980 -1.5070
178.60 -38.79 42.00 8.4490 4.9020 1.7240 6.7250 8.4230 -1.5660 3.4320 4.8080 -1.3850
178.60 -38.79 44.00 8.5230 4.9290 1.7290 6.3820 7.6870 -1.2120 3.4000 4.5220 -1.1220
178.60 -38.79 46.00 8.5750 4.9400 1.7360 5.7920 6.6140 -0.7710 3.1220 3.9060 -0.7860
178.60 -38.79 48.00 8.6010 4.9330 1.7440 4.8910 5.1660 -0.2620 2.5400 2.9230 -0.3930
178.60 -38.79 50.00 8.5960 4.9290 1.7440 5.0710 5.6310 -0.5300 2.1860 2.5740 -0.3920
178.60 -38.79 52.00 8.5860 4.9240 1.7440 5.1930 6.0560 -0.8140 1.7820 2.1950 -0.4150
178.60 -38.79 54.00 8.5730 4.9180 1.7430 5.2870 6.4680 -1.1090 1.3580 1.8060 -0.4530
178.60 -38.79 56.00 8.5710 4.9170 1.7430 5.5020 6.9660 -1.3690 1.0820 1.5940 -0.5200
178.60 -38.79 58.00 8.5810 4.9200 1.7440 5.8550 7.5670 -1.5920 0.9710 1.5780 -0.6140
178.60 -38.79 60.00 8.5920 4.9250 1.7440 6.2270 8.1930 -1.8170 0.8850 1.5860 -0.7090
178.60 -38.79 62.00 8.6040 4.9310 1.7450 6.6230 8.8470 -2.0430 0.8200 1.6140 -0.8010
178.60 -38.79 64.00 8.6180 4.9370 1.7460 7.0370 9.5210 -2.2690 0.7720 1.6570 -0.8950
178.60 -38.79 66.00 8.6130 4.9330 1.7460 7.1000 9.7540 -2.4180 0.6580 1.5730 -0.9250
178.60 -38.79 68.00 8.5880 4.9190 1.7460 6.8000 9.5260 -2.4890 0.4680 1.3500 -0.8930
178.60 -38.79 70.00 8.5610 4.9040 1.7460 6.4910 9.2820 -2.5550 0.2670 1.1100 -0.8550
178.60 -38.79 72.00 8.5340 4.8880 1.7460 6.1640 9.0150 -2.6150 0.0490 0.8460 -0.8120
178.60 -38.79 74.00 8.5050 4.8710 1.7460 5.8210 8.7230 -2.6690 -0.1860 0.5580 -0.7610
178.60 -38.79 76.00 8.4750 4.8530 1.7460 5.4640 8.4100 -2.7180 -0.4350 0.2510 -0.7050
178.60 -38.79 78.00 8.4450 4.8340 1.7470 5.0940 8.0770 -2.7600 -0.6960 -0.0760 -0.6410
178.60 -38.79 80.00 8.4130 4.8140 1.7470 4.7120 7.7240 -2.7960 -0.9680 -0.4190 -0.5710
178.60 -38.79 82.00 8.3800 4.7940 1.7480 4.3230 7.3580 -2.8270 -1.2490 -0.7760 -0.4970
178.60 -38.79 84.00 8.3470 4.7730 1.7490 3.9270 6.9810 -2.8550 -1.5360 -1.1420 -0.4200
178.60 -38.79 86.00 8.3280 4.7600 1.7490 3.7020 6.6980 -2.8080 -1.6760 -1.3640 -0.3370
178.60 -38.79 88.00 8.3230 4.7560 1.7500 3.6560 6.5240 -2.6920 -1.6620 -1.4300 -0.2540
178.60 -38.79 90.00 8.3170 4.7530 1.7500 3.6130 6.3610 -2.5840 -1.6450 -1.4850 -0.1780
178.60 -38.79 92.00 8.3130 4.7490 1.7500 3.5730 6.2100 -2.4830 -1.6250 -1.5300 -0.1110
178.60 -38.79 94.00 8.3080 4.7470 1.7500 3.5380 6.0710 -2.3880 -1.6020 -1.5640 -0.0510
