178.00 -38.79 -4.00 3.2270 1.7660 1.8280 -13.3650 -17.3530 4.8260 -2.9750 -6.5580 3.8560
178.00 -38.79 -2.00 3.3510 1.8240 1.8370 -13.7170 -17.9940 5.2150 -2.6350 -6.4810 4.1190
178.00 -38.79 0.00 3.5170 1.9110 1.8410 -16.8540 -21.3130 5.6670 -5.8500 -9.8860 4.3910
178.00 -38.79 2.00 3.7260 2.0260 1.8390 -21.8370 -26.3250 6.0910 -11.5140 -15.6550 4.6750
178.00 -38.79 4.00 3.9390 2.1390 1.8420 -24.3300 -28.8880 6.4100 -14.1800 -18.5010 4.9950
178.00 -38.79 6.00 4.1600 2.2460 1.8520 -25.0590 -29.8910 6.8920 -14.6960 -19.4760 5.6070
178.00 -38.79 8.00 4.3790 2.3490 1.8640 -25.7340 -30.9090 7.4910 -15.1900 -20.5340 6.3820
178.00 -38.79 10.00 4.7190 2.5270 1.8670 -21.7220 -27.1830 7.5000 -12.9840 -18.5730 6.5920
178.00 -38.79 12.00 5.0700 2.7130 1.8690 -17.7000 -23.3930 7.4320 -10.7910 -16.5660 6.7050
178.00 -38.79 14.00 5.4460 2.9090 1.8720 -13.4580 -19.4590 7.4520 -8.3820 -14.4100 6.8710
178.00 -38.79 16.00 5.8370 3.1450 1.8560 -8.7750 -14.2830 6.4250 -5.2150 -10.5740 5.8630
178.00 -38.79 18.00 6.2300 3.4120 1.8260 -3.8240 -8.1580 4.7190 -1.5010 -5.4540 4.0730
178.00 -38.79 20.00 6.6520 3.7000 1.7980 1.4410 -1.6190 3.1100 2.5020 0.0040 2.3890
178.00 -38.79 22.00 7.0360 3.9560 1.7790 6.0280 3.9430 2.0060 5.7810 4.3790 1.2120
178.00 -38.79 24.00 7.3350 4.1580 1.7640 8.9180 7.6760 1.1540 7.6620 7.0590 0.4180
178.00 -38.79 26.00 7.5830 4.3140 1.7580 10.6890 9.8560 0.7590 8.7490 8.3830 0.1900
178.00 -38.79 28.00 7.8410 4.4730 1.7530 12.5430 12.0260 0.4620 9.9250 9.7120 0.0360
178.00 -38.79 30.00 8.0060 4.5760 1.7490 13.0260 12.7780 0.2200 9.7550 9.6610 -0.0890
178.00 -38.79 32.00 8.1200 4.6830 1.7340 12.0880 12.9680 -0.7790 8.4080 9.1500 -0.8440
178.00 -38.79 34.00 8.2740 4.8370 1.7110 11.7470 14.2850 -2.2210 7.6770 9.7760 -2.0670
178.00 -38.79 36.00 8.3760 4.8940 1.7110 10.6800 13.2610 -2.2790 6.5420 8.4680 -1.9100
178.00 -38.79 38.00 8.4870 4.9580 1.7120 9.7750 12.4340 -2.3650 5.5430 7.3370 -1.7900
178.00 -38.79 40.00 8.5170 4.9390 1.7240 8.8520 10.6080 -1.5880 5.0780 6.2590 -1.2040
178.00 -38.79 42.00 8.4850 4.8700 1.7420 7.1750 7.7230 -0.5080 3.8690 4.1320 -0.3250
178.00 -38.79 44.00 8.4470 4.8460 1.7430 5.4340 5.8630 -0.4050 2.4790 2.7520 -0.3150
178.00 -38.79 46.00 8.3970 4.8120 1.7450 3.5980 3.8430 -0.2360 0.9840 1.2060 -0.2510
178.00 -38.79 48.00 8.3370 4.7690 1.7480 1.6720 1.6700 0.0030 -0.6060 -0.5000 -0.1280
178.00 -38.79 50.00 8.3560 4.7690 1.7520 2.1370 2.2040 -0.0650 -0.6670 -0.7540 0.0740
178.00 -38.79 52.00 8.4030 4.7860 1.7560 2.9560 3.0880 -0.1270 -0.3820 -0.6660 0.2740
178.00 -38.79 54.00 8.4790 4.8220 1.7580 4.1210 4.3910 -0.2580 0.2360 -0.1810 0.4040
178.00 -38.79 56.00 8.5710 4.8700 1.7600 5.4930 5.9450 -0.4260 1.0730 0.6250 0.4310
178.00 -38.79 58.00 8.6650 4.9180 1.7620 6.8900 7.5180 -0.5850 1.9580 1.5320 0.4030
178.00 -38.79 60.00 8.7490 4.9610 1.7640 8.1730 8.9870 -0.7470 2.7330 2.3310 0.3740
178.00 -38.79 62.00 8.8200 4.9970 1.7650 9.2930 10.3060 -0.9180 3.3450 2.9770 0.3370
178.00 -38.79 64.00 8.8770 5.0250 1.7670 10.2560 11.4790 -1.0970 3.8030 3.4740 0.2930
178.00 -38.79 66.00 8.8810 5.0270 1.7670 10.4400 11.8400 -1.2520 3.7980 3.5040 0.2580
178.00 -38.79 68.00 8.8380 5.0060 1.7660 9.9150 11.4590 -1.3860 3.3980 3.1390 0.2280
178.00 -38.79 70.00 8.7950 4.9850 1.7640 9.3950 11.0900 -1.5260 3.0010 2.7820 0.1920
178.00 -38.79 72.00 8.7520 4.9650 1.7630 8.8790 10.7260 -1.6680 2.6070 2.4290 0.1520
178.00 -38.79 74.00 8.7100 4.9450 1.7610 8.3710 10.3730 -1.8150 2.2190 2.0850 0.1100
178.00 -38.79 76.00 8.6690 4.9260 1.7600 7.8730 10.0350 -1.9650 1.8400 1.7540 0.0630
178.00 -38.79 78.00 8.6280 4.9070 1.7580 7.3790 9.7030 -2.1180 1.4640 1.4280 0.0150
178.00 -38.79 80.00 8.5870 4.8880 1.7570 6.8860 9.3700 -2.2720 1.0870 1.1030 -0.0350
178.00 -38.79 82.00 8.5470 4.8690 1.7550 6.3920 9.0370 -2.4260 0.7100 0.7760 -0.0860
178.00 -38.79 84.00 8.5060 4.8500 1.7540 5.8980 8.7030 -2.5800 0.3320 0.4500 -0.1390
178.00 -38.79 86.00 8.4750 4.8350 1.7530 5.5360 8.3740 -2.6190 0.0630 0.1850 -0.1430
178.00 -38.79 88.00 8.4550 4.8240 1.7530 5.3070 8.0510 -2.5400 -0.0960 -0.0170 -0.0970
178.00 -38.79 90.00 8.4350 4.8140 1.7520 5.0770 7.7270 -2.4610 -0.2560 -0.2200 -0.0520
178.00 -38.79 92.00 8.4150 4.8030 1.7520 4.8460 7.4050 -2.3820 -0.4160 -0.4230 -0.0080
178.00 -38.79 94.00 8.3950 4.7920 1.7520 4.6160 7.0830 -2.3030 -0.5770 -0.6260 0.0360
