0.00 2.00 3.74
4.00 2.00 3.74
5.05 2.80 4.90
6.10 2.83 4.95
7.15 2.85 4.99
8.20 2.88 5.04
9.25 3.23 5.52
10.30 3.26 5.54
11.35 3.29 5.56
12.40 3.31 5.58
13.45 3.32 5.60
14.50 3.33 5.63
15.55 3.33 5.67
16.60 3.33 5.70
17.65 3.33 5.74
18.70 3.33 5.79
19.75 3.33 5.84
20.80 3.33 5.89
21.85 3.34 5.95
22.90 3.35 6.01
23.95 3.37 6.07
25.00 3.40 6.14
25.50 3.42 6.18
26.00 3.44 6.21
26.50 3.45 6.25
27.00 3.47 6.29
27.50 3.49 6.33
28.00 3.52 6.37
28.50 3.54 6.40
29.00 3.56 6.44
29.50 3.59 6.49
30.00 3.61 6.53
30.50 3.64 6.57
31.00 3.66 6.61
31.50 3.69 6.65
32.00 3.71 6.70
32.50 3.74 6.74
33.00 3.77 6.78
33.50 3.80 6.83
34.00 3.83 6.87
34.50 3.86 6.92
35.00 3.89 6.97
35.50 3.92 7.01
36.00 3.94 7.06
36.50 3.97 7.11
37.00 4.00 7.15
37.50 4.03 7.19
38.00 4.05 7.23
38.50 4.07 7.27
39.00 4.09 7.30
39.50 4.11 7.33
40.00 4.13 7.36
40.50 4.14 7.38
41.00 4.16 7.41
41.50 4.17 7.44
42.00 4.19 7.46
42.50 4.20 7.49
43.00 4.22 7.52
43.50 4.23 7.55
44.00 4.25 7.58
44.50 4.27 7.61
45.00 4.29 7.65
45.50 4.30 7.68
46.00 4.32 7.71
46.50 4.34 7.75
47.00 4.37 7.78
47.50 4.39 7.82
48.00 4.41 7.85
48.50 4.43 7.89
49.00 4.46 7.92
49.50 4.48 7.96
50.00 4.50 7.99