178.6 -38.8 1.58000004292 0.920000016689 1.95000004768 -15.00
178.0 -38.8 2.55499982834 1.43499994278 2.20000004768 -15.00
177.6 -38.4 3.60666656494 2.03166651726 2.39500021935 -15.00
178.6 -38.8 1.58000004292 0.910000026226 1.95000004768 -1.00
178.0 -38.8 3.31999993324 1.78999996185 2.34999990463 -1.00
177.6 -38.4 4.67833328247 2.54000020027 2.56166672707 -1.00
178.6 -38.8 2.5 1.44000005722 2.19000005722 1.00
178.0 -38.8 3.44500017166 1.87000000477 2.36999988556 1.00
177.6 -38.4 4.85333299637 2.65499997139 2.58333325386 1.00
178.6 -38.8 3.43000006676 1.98000001907 2.36999988556 3.00
178.0 -38.8 3.4849998951 1.88499999046 2.375 3.00
177.6 -38.4 5.05666685104 2.78333306313 2.60833334923 3.00
178.6 -38.8 4.03000020981 2.32999992371 2.47000002861 5.00
178.0 -38.8 3.82500004768 2.06500005722 2.43000006676 5.00
177.6 -38.4 5.2999997139 2.97166705132 2.6400001049 5.00
178.6 -38.8 4.94000005722 2.8599998951 2.58999991417 8.00
178.0 -38.8 4.33500003815 2.32999992371 2.50999999046 8.00
177.6 -38.4 5.50666666031 3.19166660309 2.66000008583 8.00
178.6 -38.8 6.92999982834 4 3.04999995232 15.00
178.0 -38.8 5.23999977112 2.81999993324 2.63500022888 15.00
177.6 -38.4 5.66333341599 3.32999992371 2.67666649818 15.00
178.6 -38.8 7.32999992371 4.34000015259 3.16000008583 23.00
178.0 -38.8 6.98499965668 4.08500003815 3.06500005722 23.00
177.6 -38.4 6.03999948502 3.36333346367 2.75499987602 23.00
178.6 -38.8 7.90999984741 4.71000003815 3.31999993324 30.00
178.0 -38.8 8.30500030518 4.96000003815 3.41499996185 30.00
177.6 -38.4 6.56166696548 3.63166689873 2.92333340645 30.00
178.6 -38.8 8.42000007629 4.94000005722 3.44000005722 34.00
178.0 -38.8 8.59000015259 5.11999988556 3.48000001907 34.00
177.6 -38.4 6.91333389282 3.8516664505 3.04333329201 34.00
178.6 -38.8 8.68000030518 5.11000013351 3.5 38.00
178.0 -38.8 8.65999984741 5.05000019073 3.49000000954 38.00
177.6 -38.4 7.26166677475 4.07000017166 3.14499974251 38.00
178.6 -38.8 8.61999988556 5.01000022888 3.48000001907 42.00
178.0 -38.8 8.57500076294 4.85500001907 3.47499990463 42.00
177.6 -38.4 7.48500061035 4.1983332634 3.20499992371 42.00
178.6 -38.8 8.71000003815 4.98999977112 3.5 48.00
178.0 -38.8 8.41499996185 4.79500007629 3.44000005722 48.00
177.6 -38.4 7.88333320618 4.42833328247 3.31833338737 48.00
178.6 -38.8 8.64000034332 4.94999980927 3.49000000954 55.00
178.0 -38.8 8.63500022888 4.90999984741 3.49000000954 55.00
177.6 -38.4 8.31333255768 4.76499986649 3.42000007629 55.00
178.6 -38.8 8.61999988556 4.92999982834 3.48000001907 65.00
178.0 -38.8 8.88500022888 5.05000019073 3.53999996185 65.00
177.6 -38.4 8.74666595459 4.94500017166 3.50833320618 65.00
178.6 -38.8 8.31999969482 4.75 3.42000007629 85.00
178.0 -38.8 8.44499969482 4.81999969482 3.44500017166 85.00
177.6 -38.4 8.70166683197 4.92333364487 3.50166678429 85.00
178.6 -38.8 8.30000019073 4.73999977112 3.42000007629 105.00
178.0 -38.8 8.27999973297 4.73000001907 3.41000008583 105.00
177.6 -38.4 8.47166728973 4.84666633606 3.45166683197 105.00
178.6 -38.8 8.31999969482 4.75 3.42000007629 130.00
178.0 -38.8 8.31000041962 4.75 3.42000007629 130.00
177.6 -38.4 8.34833240509 4.77166700363 3.42500019073 130.00
178.6 -38.8 8.35000038147 4.76999998093 3.43000006676 155.00
178.0 -38.8 8.35000038147 4.76999998093 3.43000006676 155.00
177.6 -38.4 8.34500026703 4.76999998093 3.42500019073 155.00
178.6 -38.8 8.43000030518 4.82000017166 3.44000005722 185.00
178.0 -38.8 8.42000007629 4.80999994278 3.44000005722 185.00
177.6 -38.4 8.41999912262 4.80999994278 3.44000029564 185.00
178.6 -38.8 8.56000041962 4.88999986649 3.47000002861 225.00
178.0 -38.8 8.56000041962 4.88999986649 3.47000002861 225.00
177.6 -38.4 8.56000041962 4.88999986649 3.47000002861 225.00
178.6 -38.8 8.67000007629 4.94999980927 3.49000000954 275.00
178.0 -38.8 8.67000007629 4.94999980927 3.49000000954 275.00
177.6 -38.4 8.66999912262 4.9500002861 3.49000000954 275.00
178.6 -38.8 8.97000026703 5.17999982834 3.56999993324 370.00
178.0 -38.8 8.97000026703 5.17999982834 3.56999993324 370.00
177.6 -38.4 8.97000026703 5.17999982834 3.56999993324 370.00
178.6 -38.8 10.1999998093 5.90000009537 4.07999992371 620.00
178.0 -38.8 10.1999998093 5.90000009537 4.07999992371 620.00
177.6 -38.4 10.1999998093 5.90000009537 4.07999992371 620.00
178.6 -38.8 10.6000003815 6.13000011444 4.23000001907 750.00
178.0 -38.8 10.6000003815 6.13000011444 4.23000001907 750.00
177.6 -38.4 10.5999994278 6.13000059128 4.23000001907 750.00
