177.6 -38.4 3.60666656494 2.03166651726 2.39500021935 -15.00
177.6 -38.4 4.67833328247 2.54000020027 2.56166672707 -1.00
177.6 -38.4 4.85333299637 2.65499997139 2.58333325386 1.00
177.6 -38.4 5.05666685104 2.78333306313 2.60833334923 3.00
177.6 -38.4 5.2999997139 2.97166705132 2.6400001049 5.00
177.6 -38.4 5.50666666031 3.19166660309 2.66000008583 8.00
177.6 -38.4 5.66333341599 3.32999992371 2.67666649818 15.00
177.6 -38.4 6.03999948502 3.36333346367 2.75499987602 23.00
177.6 -38.4 6.56166696548 3.63166689873 2.92333340645 30.00
177.6 -38.4 6.91333389282 3.8516664505 3.04333329201 34.00
177.6 -38.4 7.26166677475 4.07000017166 3.14499974251 38.00
177.6 -38.4 7.48500061035 4.1983332634 3.20499992371 42.00
177.6 -38.4 7.88333320618 4.42833328247 3.31833338737 48.00
177.6 -38.4 8.31333255768 4.76499986649 3.42000007629 55.00
177.6 -38.4 8.74666595459 4.94500017166 3.50833320618 65.00
177.6 -38.4 8.70166683197 4.92333364487 3.50166678429 85.00
177.6 -38.4 8.47166728973 4.84666633606 3.45166683197 105.00
177.6 -38.4 8.34833240509 4.77166700363 3.42500019073 130.00
177.6 -38.4 8.34500026703 4.76999998093 3.42500019073 155.00
177.6 -38.4 8.41999912262 4.80999994278 3.44000029564 185.00
177.6 -38.4 8.56000041962 4.88999986649 3.47000002861 225.00
177.6 -38.4 8.66999912262 4.9500002861 3.49000000954 275.00
177.6 -38.4 8.97000026703 5.17999982834 3.56999993324 370.00
177.6 -38.4 10.1999998093 5.90000009537 4.07999992371 620.00
177.6 -38.4 10.5999994278 6.13000059128 4.23000001907 750.00
