178.0 -38.8 2.55499982834 1.43499994278 2.20000004768 -15.00
178.0 -38.8 3.31999993324 1.78999996185 2.34999990463 -1.00
178.0 -38.8 3.44500017166 1.87000000477 2.36999988556 1.00
178.0 -38.8 3.4849998951 1.88499999046 2.375 3.00
178.0 -38.8 3.82500004768 2.06500005722 2.43000006676 5.00
178.0 -38.8 4.33500003815 2.32999992371 2.50999999046 8.00
178.0 -38.8 5.23999977112 2.81999993324 2.63500022888 15.00
178.0 -38.8 6.98499965668 4.08500003815 3.06500005722 23.00
178.0 -38.8 8.30500030518 4.96000003815 3.41499996185 30.00
178.0 -38.8 8.59000015259 5.11999988556 3.48000001907 34.00
178.0 -38.8 8.65999984741 5.05000019073 3.49000000954 38.00
178.0 -38.8 8.57500076294 4.85500001907 3.47499990463 42.00
178.0 -38.8 8.41499996185 4.79500007629 3.44000005722 48.00
178.0 -38.8 8.63500022888 4.90999984741 3.49000000954 55.00
178.0 -38.8 8.88500022888 5.05000019073 3.53999996185 65.00
178.0 -38.8 8.44499969482 4.81999969482 3.44500017166 85.00
178.0 -38.8 8.27999973297 4.73000001907 3.41000008583 105.00
178.0 -38.8 8.31000041962 4.75 3.42000007629 130.00
178.0 -38.8 8.35000038147 4.76999998093 3.43000006676 155.00
178.0 -38.8 8.42000007629 4.80999994278 3.44000005722 185.00
178.0 -38.8 8.56000041962 4.88999986649 3.47000002861 225.00
178.0 -38.8 8.67000007629 4.94999980927 3.49000000954 275.00
178.0 -38.8 8.97000026703 5.17999982834 3.56999993324 370.00
178.0 -38.8 10.1999998093 5.90000009537 4.07999992371 620.00
178.0 -38.8 10.6000003815 6.13000011444 4.23000001907 750.00
