178.6 -38.8 1.58000004292 0.920000016689 1.95000004768 -15.00
178.6 -38.8 1.58000004292 0.910000026226 1.95000004768 -1.00
178.6 -38.8 2.5 1.44000005722 2.19000005722 1.00
178.6 -38.8 3.43000006676 1.98000001907 2.36999988556 3.00
178.6 -38.8 4.03000020981 2.32999992371 2.47000002861 5.00
178.6 -38.8 4.94000005722 2.8599998951 2.58999991417 8.00
178.6 -38.8 6.92999982834 4 3.04999995232 15.00
178.6 -38.8 7.32999992371 4.34000015259 3.16000008583 23.00
178.6 -38.8 7.90999984741 4.71000003815 3.31999993324 30.00
178.6 -38.8 8.42000007629 4.94000005722 3.44000005722 34.00
178.6 -38.8 8.68000030518 5.11000013351 3.5 38.00
178.6 -38.8 8.61999988556 5.01000022888 3.48000001907 42.00
178.6 -38.8 8.71000003815 4.98999977112 3.5 48.00
178.6 -38.8 8.64000034332 4.94999980927 3.49000000954 55.00
178.6 -38.8 8.61999988556 4.92999982834 3.48000001907 65.00
178.6 -38.8 8.31999969482 4.75 3.42000007629 85.00
178.6 -38.8 8.30000019073 4.73999977112 3.42000007629 105.00
178.6 -38.8 8.31999969482 4.75 3.42000007629 130.00
178.6 -38.8 8.35000038147 4.76999998093 3.43000006676 155.00
178.6 -38.8 8.43000030518 4.82000017166 3.44000005722 185.00
178.6 -38.8 8.56000041962 4.88999986649 3.47000002861 225.00
178.6 -38.8 8.67000007629 4.94999980927 3.49000000954 275.00
178.6 -38.8 8.97000026703 5.17999982834 3.56999993324 370.00
178.6 -38.8 10.1999998093 5.90000009537 4.07999992371 620.00
178.6 -38.8 10.6000003815 6.13000011444 4.23000001907 750.00
