3 2.26003
3.2 2.29494
3.4 2.31055
3.6 2.25125
3.8 2.29473
4 2.39707
4.2 2.47925
4.4 2.46103
4.6 2.45665
4.8 2.49874
5 2.55905
5.2 2.54761
5.4 2.63424
5.6 2.67018
5.8 2.61743
6 2.6533
6.2 2.67806
6.4 2.66974
6.6 2.6095
6.8 2.52941
7 2.49168
7.2 2.49454
7.4 2.50744
7.6 2.53382
7.8 2.44625
8 2.36289
8.2 2.3035
8.4 2.34048
8.6 2.30767
8.8 2.29524
9 2.39621
9.2 2.34481
9.4 2.29137
9.6 2.11753
9.8 2.12042
10 2.56006
10.2 2.39488
10.4 2.60157
10.6 2.61418
10.8 2.54311
11 2.52388
11.2 2.50124
11.4 2.48871
11.6 2.59426
11.8 2.66628
12 2.74347
12.2 2.73155
12.4 2.71102
12.6 2.7266
12.8 2.74549
13 2.73885
13.2 2.78294
13.4 2.73674
13.6 2.7011
13.8 2.53556
14 2.61977
14.2 2.53752
14.4 2.46215
14.6 2.44261
14.8 2.47244
15 2.48549
