3 1.24224
3.2 1.23297
3.4 1.28599
3.6 1.34249
3.8 1.12225
4 1.02267
4.2 1.1321
4.4 0.889854
4.6 0.824258
4.8 1.21593
5 1.16193
5.2 1.19416
5.4 0.961243
5.6 0.970648
5.8 1.02977
6 0.942673
6.2 0.94679
6.4 0.919982
6.6 1.02901
6.8 1.05143
7 1.09984
7.2 1.04739
7.4 1.02454
7.6 0.975722
7.8 0.946704
8 0.891074
8.2 1.0935
8.4 1.01852
8.6 1.03937
8.8 1.03804
9 1.09014
9.2 1.10149
9.4 1.07806
9.6 1.07506
9.8 1.11975
10 1.18925
10.2 1.10791
10.4 1.05823
10.6 1.02585
10.8 1.10144
11 1.10678
11.2 1.15421
11.4 1.23417
11.6 1.19099
11.8 1.23408
12 1.18153
12.2 1.23067
12.4 1.22167
12.6 1.15209
12.8 1.15289
13 1.15955
13.2 1.18495
13.4 1.24804
13.6 1.26201
13.8 1.43512
14 1.46908
14.2 1.50256
14.4 1.51815
14.6 1.50978
14.8 1.59161
15 1.71433
