3 1.64579
3.2 1.65792
3.4 1.69931
3.6 1.73368
3.8 1.75911
4 1.77074
4.2 1.79594
4.4 1.83532
4.6 1.89175
4.8 1.83115
5 1.79273
5.2 1.8561
5.4 1.96331
5.6 1.95417
5.8 2.01187
6 2.03806
6.2 1.97561
6.4 1.92418
6.6 2.03827
6.8 2.08683
7 2.12836
7.2 2.18744
7.4 2.22117
7.6 2.19873
7.8 2.27037
8 2.25923
8.2 2.29284
8.4 2.28222
8.6 2.2153
8.8 2.16298
9 2.21218
9.2 2.20869
9.4 2.24956
9.6 2.24405
9.8 2.18547
10 2.22182
10.2 2.23743
10.4 2.29805
10.6 2.38972
10.8 2.39986
11 2.37949
11.2 2.3057
11.4 2.22845
11.6 2.21092
11.8 2.18906
12 2.16108
12.2 2.14747
12.4 2.15232
12.6 2.24006
12.8 2.259
13 2.43345
13.2 2.38478
13.4 2.32611
13.6 2.34385
13.8 2.07733
14 2.13367
14.2 2.17503
14.4 2.13597
14.6 2.18031
14.8 2.12404
15 1.97818
