3 1.60515
3.2 1.60746
3.4 1.60387
3.6 1.62364
3.8 1.44385
4 1.1508
4.2 1.27817
4.4 1.16236
4.6 1.25463
4.8 1.05449
5 1.14186
5.2 1.04221
5.4 1.25247
5.6 1.12706
5.8 0.898445
6 0.763714
6.2 0.699872
6.4 0.725184
6.6 0.66422
6.8 0.713241
7 0.767135
7.2 0.739517
7.4 0.773801
7.6 0.904287
7.8 0.991394
8 0.694263
8.2 0.889426
8.4 0.908961
8.6 0.939932
8.8 0.919335
9 0.965469
9.2 0.922957
9.4 0.962218
9.6 1.01642
9.8 1.03246
10 1.01118
10.2 1.11247
10.4 0.829371
10.6 0.917574
10.8 0.922184
11 0.986792
11.2 0.991056
11.4 1.03289
11.6 1.12062
11.8 1.18964
12 1.25963
12.2 1.32482
12.4 1.3186
12.6 1.3833
12.8 1.42159
13 1.46558
13.2 1.47869
13.4 1.45067
13.6 1.46139
13.8 1.45897
14 1.48877
14.2 1.53221
14.4 1.57382
14.6 1.58415
14.8 1.59173
15 1.81019
